//Shows that Conway-Kochen Vectors are invariant under the action of the group G

Q:=Rationals();
V:=VectorSpace(Q,3);
Q37 := {V!u: u in [[1,1,1],[1,1,2],[1,0,2],[1,-1,2],[0,1,-2],[0,0,1],[0,1,2],[0,1,1],[1,1,-2],[1,0,-2],[-1,1,2],[1,0,-1],[-1,1,1],[2,1,-1],[2,1,0],[2,1,1],[2,0,-1],[1,0,0],[2,0,1],[1,0,1],[1,-1,0],[1,-1,1],[-1,2,1],[0,2,1],[1,-2,0],[0,1,0],[1,1,0],[1,-2,1],[0,2,-1],[0,1,-1],[1,1,-1],[2,-1,0],[1,2,0],[-2,1,1],[1,2,-1],[1,2,1],[2,-1,1]]};

//Conway-Kochen Set
CK:= Q37 diff {V!u: u in [[2,-1,0],[1,2,0],[-2,1,1],[1,2,-1],[1,2,1],[2,-1,1]]};

G:=MatrixGroup<3,Q|[0,-1,0,1,0,0,0,0,-1]>;
for M in G do {sub<V|v*M>:v in CK} eq {sub<V|v>:v in CK};end for;