V:=VectorSpace(Rationals(),3);

Q37 := {V!u: u in [[1,1,1],[1,1,2],[1,0,2],[1,-1,2],[0,1,-2],[0,0,1],[0,1,2],[0,1,1],[1,1,-2],[1,0,-2],[-1,1,2],[1,0,-1],[-1,1,1],[2,1,-1],[2,1,0],[2,1,1],[2,0,-1],[1,0,0],[2,0,1],[1,0,1],[1,-1,0],[1,-1,1],[-1,2,1],[0,2,1],[1,-2,0],[0,1,0],[1,1,0],[1,-2,1],[0,2,-1],[0,1,-1],[1,1,-1],[2,-1,0],[1,2,0],[-2,1,1],[1,2,-1],[1,2,1],[2,-1,1]]};

//Conway-Kochen Set
CK:= Q37 diff {V!u: u in [[2,-1,0],[1,2,0],[-2,1,1],[1,2,-1],[1,2,1],[2,-1,1]]};


//Other size 31 sets
Q31a:=Q37 diff {V!u: u in [[1,0,2],[2,0,-1],[1,-1,2],[-2,1,1],[2,1,-1],[1,1,2]]};
Q31b:=Q37 diff {V!u: u in [[1,0,-2],[2,0,1],[-1,1,2],[2,-1,1],[2,1,1],[1,1,-2]]};
Q31c:=Q37 diff {V!u: u in [[0,1,2],[0,2,-1],[1,-2,1],[1,2,-1],[-1,1,2],[1,1,2]]};
Q31d:=Q37 diff {V!u: u in [[2,1,0],[1,-2,0],[2,1,-1],[-1,2,1],[1,-2,1],[2,1,1]]};
Q31e:=Q37 diff {V!u: u in [[0,1,-2],[0,2,1],[1,-1,2],[-1,2,1],[1,1,-2],[1,2,1]]};

//Cortez-Reyes set
Q85:={V!u:u in [[1, 0, 0], [0, 1, 0], [0, 0, 1], [1, 1, 0], [1, 0, 1], [0, 1, 1], [1, -1, 0], [1, 0, -1], [0, 1, -1], [1, 1, 1], [1, 1, -1], [1, -1, 1], [-1, 1, 1], [1, 1, 2], [1, 2, 1], [2, 1, 1], [-1, 1, 2], [-1, 2, 1], [-2, 1, 1], [1, -1, 2], [1, -2, 1], [2, -1, 1], [1, 1, -2], [1, 2, -1], [2, 1, -1], [1, 2, 4], [1, 4, 2], [2, 1, 4], [2, 4, 1], [4, 1, 2], [4, 2, 1], [-1, 2, 4], [-1, 4, 2], [-2, 1, 4], [-2, 4, 1], [-4, 1, 2], [-4, 2, 1], [1, -2, 4], [1, -4, 2], [2, -1, 4], [2, -4, 1], [4, -1, 2], [4, -2, 1], [1, 2, -4], [1, 4, -2], [2, 1, -4], [2, 4, -1], [4, 1, -2], [4, 2, -1], [2, 2, 5], [2, 5, 2], [5, 2, 2], [-2, 2, 5], [-2, 5, 2], [-5, 2, 2], [2, -2, 5], [2, -5, 2], [5, -2, 2], [2, 2, -5], [2, 5, -2], [5, 2, -2], [2, 3, 8], [2, 8, 3], [3, 2, 8], [3, 8, 2], [8, 2, 3], [8, 3, 2], [-2, 3, 8], [-2, 8, 3], [-3, 2, 8], [-3, 8, 2], [-8, 2, 3], [-8, 3, 2], [2, -3, 8], [2, -8, 3], [3, -2, 8], [3, -8, 2], [8, -2, 3], [8, -3, 2], [2, 3, -8], [2, 8, -3], [3, 2, -8], [3, 8, -2], [8, 2, -3], [8, 3, -2]]};

//minimal subset of S(462)
Q57:={V!u:u in [[-8,3,2],[8,3,2],[-1,4,2],[1,4,2],[1,4,-2],[8,3,-2],[5,2,-2],[1,2,-1],[3,-8,2],[2,2,-5],[2,-8,3],[4,1,-2],[2,1,-1],[1,1,-1],[0,1,-1],[1,-1,0],[2,-1,1],[4,-1,2],[1,1,-2],[-2,8,3],[1,-1,1],[2,1,-4],[1,-1,2],[1,0,0],[0,0,1],[2,-1,4],[-3,8,2],[1,0,1],[3,8,2],[2,8,3],[1,0,-1],[5,-2,2],[3,8,-2],[2,8,-3],[-2,1,4],[1,-2,1],[-1,1,2],[0,1,0],[1,1,0],[-1,1,1],[0,1,1],[-2,1,1],[-4,1,2],[1,1,1],[2,1,1],[2,-2,5],[1,1,2],[4,1,2],[8,-3,2],[2,1,4],[-2,2,5],[-1,2,1],[1,2,1],[-5,2,2],[5,2,2],[2,2,5],[1,-4,2]]};

//minimal subset of S(714)
Q65 := {V!u: u in [[1,-4,5],[4,5,-1],[-1,4,5],[4,-5,1],[1,5,-4],[1,4,0],[1,-5,4],[1,4,5],[-1,5,4],[1,4,-5],[-4,5,1],[4,5,1],[1,5,4],[2,3,-1],[3,2,-1],[1,2,-1],[4,-1,0],[2,1,-1],[3,1,-2],[1,1,-1],[0,1,-1],[1,-1,0],[2,-1,1],[1,1,-2],[3,-1,2],[2,1,-3],[1,-1,1],[1,-1,2],[4,1,-5],[1,0,0],[2,-1,3],[0,0,1],[4,-1,5],[1,0,1],[4,0,1],[4,0,-1],[1,0,4],[1,0,-1],[3,-2,1],[-4,1,5],[1,-2,1],[-2,1,3],[-1,1,2],[0,1,0],[1,0,-4],[1,1,0],[-1,1,1],[-3,1,2],[0,1,1],[-2,1,1],[1,1,1],[2,1,1],[4,1,0],[1,1,2],[3,1,2],[2,1,3],[2,-3,1],[4,1,5],[-1,2,1],[1,2,1],[-3,2,1],[3,2,1],[1,-4,0],[-2,3,1],[2,3,1]]};